{
  "cells": [
    {
      "cell_type": "markdown",
      "id": "65f3cefe",
      "metadata": {},
      "source": [
        "# Рубежный контроль №1 (весна 2026)\n",
        "\n",
        "**Тема:** Технологии разведочного анализа и обработки данных  \n",
        "**Вариант:** 8  \n",
        "**Задание:** 1 — корреляционный анализ (`HousingData.csv`)  \n",
        "**Датасет:** Boston Housing (`HousingData.csv`)\n",
        "\n",
        "**Студент:** Козлов А.А.  \n",
        "**Группа:** ИУ5-63Б\n"
      ]
    },
    {
      "cell_type": "markdown",
      "id": "md-load",
      "metadata": {},
      "source": [
        "## Загрузка данных и краткий обзор\n",
        "\n",
        "Набор Boston Housing: числовые признаки районов и целевая переменная **`MEDV`** — медианная стоимость жилья (тыс. $). В файле пропуски обозначены как **`NA`**."
      ]
    },
    {
      "cell_type": "code",
      "execution_count": 33,
      "id": "33fae7ad",
      "metadata": {},
      "outputs": [
        {
          "name": "stdout",
          "output_type": "stream",
          "text": [
            "Файл данных: HousingData.csv\n",
            "Размерность: (506, 14)\n",
            "Имена признаков: ['CRIM', 'ZN', 'INDUS', 'CHAS', 'NOX', 'RM', 'AGE', 'DIS', 'RAD', 'TAX', 'PTRATIO', 'B', 'LSTAT', 'MEDV']\n"
          ]
        },
        {
          "data": {
            "text/html": [
              "<div>\n",
              "<style scoped>\n",
              "    .dataframe tbody tr th:only-of-type {\n",
              "        vertical-align: middle;\n",
              "    }\n",
              "\n",
              "    .dataframe tbody tr th {\n",
              "        vertical-align: top;\n",
              "    }\n",
              "\n",
              "    .dataframe thead th {\n",
              "        text-align: right;\n",
              "    }\n",
              "</style>\n",
              "<table border=\"1\" class=\"dataframe\">\n",
              "  <thead>\n",
              "    <tr style=\"text-align: right;\">\n",
              "      <th></th>\n",
              "      <th>CRIM</th>\n",
              "      <th>ZN</th>\n",
              "      <th>INDUS</th>\n",
              "      <th>CHAS</th>\n",
              "      <th>NOX</th>\n",
              "      <th>RM</th>\n",
              "      <th>AGE</th>\n",
              "      <th>DIS</th>\n",
              "      <th>RAD</th>\n",
              "      <th>TAX</th>\n",
              "      <th>PTRATIO</th>\n",
              "      <th>B</th>\n",
              "      <th>LSTAT</th>\n",
              "      <th>MEDV</th>\n",
              "    </tr>\n",
              "  </thead>\n",
              "  <tbody>\n",
              "    <tr>\n",
              "      <th>0</th>\n",
              "      <td>0.00632</td>\n",
              "      <td>18.0</td>\n",
              "      <td>2.31</td>\n",
              "      <td>0.0</td>\n",
              "      <td>0.538</td>\n",
              "      <td>6.575</td>\n",
              "      <td>65.2</td>\n",
              "      <td>4.0900</td>\n",
              "      <td>1</td>\n",
              "      <td>296</td>\n",
              "      <td>15.3</td>\n",
              "      <td>396.90</td>\n",
              "      <td>4.98</td>\n",
              "      <td>24.0</td>\n",
              "    </tr>\n",
              "    <tr>\n",
              "      <th>1</th>\n",
              "      <td>0.02731</td>\n",
              "      <td>0.0</td>\n",
              "      <td>7.07</td>\n",
              "      <td>0.0</td>\n",
              "      <td>0.469</td>\n",
              "      <td>6.421</td>\n",
              "      <td>78.9</td>\n",
              "      <td>4.9671</td>\n",
              "      <td>2</td>\n",
              "      <td>242</td>\n",
              "      <td>17.8</td>\n",
              "      <td>396.90</td>\n",
              "      <td>9.14</td>\n",
              "      <td>21.6</td>\n",
              "    </tr>\n",
              "    <tr>\n",
              "      <th>2</th>\n",
              "      <td>0.02729</td>\n",
              "      <td>0.0</td>\n",
              "      <td>7.07</td>\n",
              "      <td>0.0</td>\n",
              "      <td>0.469</td>\n",
              "      <td>7.185</td>\n",
              "      <td>61.1</td>\n",
              "      <td>4.9671</td>\n",
              "      <td>2</td>\n",
              "      <td>242</td>\n",
              "      <td>17.8</td>\n",
              "      <td>392.83</td>\n",
              "      <td>4.03</td>\n",
              "      <td>34.7</td>\n",
              "    </tr>\n",
              "    <tr>\n",
              "      <th>3</th>\n",
              "      <td>0.03237</td>\n",
              "      <td>0.0</td>\n",
              "      <td>2.18</td>\n",
              "      <td>0.0</td>\n",
              "      <td>0.458</td>\n",
              "      <td>6.998</td>\n",
              "      <td>45.8</td>\n",
              "      <td>6.0622</td>\n",
              "      <td>3</td>\n",
              "      <td>222</td>\n",
              "      <td>18.7</td>\n",
              "      <td>394.63</td>\n",
              "      <td>2.94</td>\n",
              "      <td>33.4</td>\n",
              "    </tr>\n",
              "    <tr>\n",
              "      <th>4</th>\n",
              "      <td>0.06905</td>\n",
              "      <td>0.0</td>\n",
              "      <td>2.18</td>\n",
              "      <td>0.0</td>\n",
              "      <td>0.458</td>\n",
              "      <td>7.147</td>\n",
              "      <td>54.2</td>\n",
              "      <td>6.0622</td>\n",
              "      <td>3</td>\n",
              "      <td>222</td>\n",
              "      <td>18.7</td>\n",
              "      <td>396.90</td>\n",
              "      <td>NaN</td>\n",
              "      <td>36.2</td>\n",
              "    </tr>\n",
              "  </tbody>\n",
              "</table>\n",
              "</div>"
            ],
            "text/plain": [
              "      CRIM    ZN  INDUS  CHAS    NOX     RM   AGE     DIS  RAD  TAX  PTRATIO  \\\n",
              "0  0.00632  18.0   2.31   0.0  0.538  6.575  65.2  4.0900    1  296     15.3   \n",
              "1  0.02731   0.0   7.07   0.0  0.469  6.421  78.9  4.9671    2  242     17.8   \n",
              "2  0.02729   0.0   7.07   0.0  0.469  7.185  61.1  4.9671    2  242     17.8   \n",
              "3  0.03237   0.0   2.18   0.0  0.458  6.998  45.8  6.0622    3  222     18.7   \n",
              "4  0.06905   0.0   2.18   0.0  0.458  7.147  54.2  6.0622    3  222     18.7   \n",
              "\n",
              "        B  LSTAT  MEDV  \n",
              "0  396.90   4.98  24.0  \n",
              "1  396.90   9.14  21.6  \n",
              "2  392.83   4.03  34.7  \n",
              "3  394.63   2.94  33.4  \n",
              "4  396.90    NaN  36.2  "
            ]
          },
          "execution_count": 33,
          "metadata": {},
          "output_type": "execute_result"
        }
      ],
      "source": [
        "import pathlib\n",
        "\n",
        "import numpy as np\n",
        "import pandas as pd\n",
        "import matplotlib.pyplot as plt\n",
        "import seaborn as sns\n",
        "from IPython.display import display\n",
        "\n",
        "BASE = pathlib.Path.cwd()\n",
        "for candidate in (\n",
        "    BASE / \"HousingData.csv\",\n",
        "    BASE / \"РК1\" / \"HousingData.csv\",\n",
        "):\n",
        "    if candidate.exists():\n",
        "        CSV_PATH = candidate\n",
        "        break\n",
        "else:\n",
        "    raise FileNotFoundError(\n",
        "        \"Положите ноутбук в папку РК1 рядом с HousingData.csv или откройте РК1 как рабочую папку.\"\n",
        "    )\n",
        "\n",
        "df_raw = pd.read_csv(CSV_PATH, na_values=[\"NA\", \"\"])\n",
        "print(\"Файл данных: HousingData.csv\")\n",
        "print(\"Размерность:\", df_raw.shape)\n",
        "print(\"Имена признаков:\", list(df_raw.columns))\n",
        "df_raw.head()"
      ]
    },
    {
      "cell_type": "code",
      "execution_count": 34,
      "id": "1e7c54b3",
      "metadata": {},
      "outputs": [
        {
          "data": {
            "text/plain": [
              "CRIM       float64\n",
              "ZN         float64\n",
              "INDUS      float64\n",
              "CHAS       float64\n",
              "NOX        float64\n",
              "RM         float64\n",
              "AGE        float64\n",
              "DIS        float64\n",
              "RAD          int64\n",
              "TAX          int64\n",
              "PTRATIO    float64\n",
              "B          float64\n",
              "LSTAT      float64\n",
              "MEDV       float64\n",
              "dtype: object"
            ]
          },
          "execution_count": 34,
          "metadata": {},
          "output_type": "execute_result"
        }
      ],
      "source": [
        "df_raw.dtypes"
      ]
    },
    {
      "cell_type": "markdown",
      "id": "md-na",
      "metadata": {},
      "source": [
        "## Пропуски и очистка данных\n",
        "\n",
        "По условию задания строки или столбцы с пропусками удаляются. Здесь удаляются **строки**, в которых есть хотя бы одно отсутствующее значение (`dropna(how=\"any\")`), чтобы сохранить полный набор признаков."
      ]
    },
    {
      "cell_type": "code",
      "execution_count": 35,
      "id": "fa6fe478",
      "metadata": {},
      "outputs": [
        {
          "name": "stdout",
          "output_type": "stream",
          "text": [
            "Строк с хотя бы одним пропуском: 112\n",
            "\n",
            "Столбцы с пропусками:\n",
            "CRIM     20\n",
            "ZN       20\n",
            "INDUS    20\n",
            "CHAS     20\n",
            "LSTAT    20\n",
            "AGE      20\n",
            "dtype: int64\n",
            "\n",
            "Удалено строк из-за пропусков: 112\n",
            "Размерность после очистки: (394, 14)\n"
          ]
        }
      ],
      "source": [
        "missing_per_col = df_raw.isna().sum().sort_values(ascending=False)\n",
        "rows_with_any_na = df_raw.isna().any(axis=1).sum()\n",
        "print(\"Строк с хотя бы одним пропуском:\", int(rows_with_any_na))\n",
        "print(\"\\nСтолбцы с пропусками:\")\n",
        "print(missing_per_col[missing_per_col > 0])\n",
        "\n",
        "df = df_raw.dropna(axis=0, how=\"any\").copy()\n",
        "removed = df_raw.shape[0] - df.shape[0]\n",
        "print(\"\\nУдалено строк из-за пропусков:\", removed)\n",
        "print(\"Размерность после очистки:\", df.shape)"
      ]
    },
    {
      "cell_type": "markdown",
      "id": "f9a0aaea",
      "metadata": {},
      "source": [
        "## Корреляционный анализ (коэффициент корреляции Пирсона)\n",
        "\n",
        "Строится матрица парных корреляций между числовыми признаками. Для задачи регрессии целевая переменная — **`MEDV`**; ниже также корреляции остальных признаков с `MEDV` и графики."
      ]
    },
    {
      "cell_type": "code",
      "execution_count": 36,
      "id": "13dc5df0",
      "metadata": {},
      "outputs": [
        {
          "data": {
            "text/html": [
              "<div>\n",
              "<style scoped>\n",
              "    .dataframe tbody tr th:only-of-type {\n",
              "        vertical-align: middle;\n",
              "    }\n",
              "\n",
              "    .dataframe tbody tr th {\n",
              "        vertical-align: top;\n",
              "    }\n",
              "\n",
              "    .dataframe thead th {\n",
              "        text-align: right;\n",
              "    }\n",
              "</style>\n",
              "<table border=\"1\" class=\"dataframe\">\n",
              "  <thead>\n",
              "    <tr style=\"text-align: right;\">\n",
              "      <th></th>\n",
              "      <th>CRIM</th>\n",
              "      <th>ZN</th>\n",
              "      <th>INDUS</th>\n",
              "      <th>CHAS</th>\n",
              "      <th>NOX</th>\n",
              "      <th>RM</th>\n",
              "      <th>AGE</th>\n",
              "      <th>DIS</th>\n",
              "      <th>RAD</th>\n",
              "      <th>TAX</th>\n",
              "      <th>PTRATIO</th>\n",
              "      <th>B</th>\n",
              "      <th>LSTAT</th>\n",
              "      <th>MEDV</th>\n",
              "    </tr>\n",
              "  </thead>\n",
              "  <tbody>\n",
              "    <tr>\n",
              "      <th>CRIM</th>\n",
              "      <td>1.000</td>\n",
              "      <td>-0.188</td>\n",
              "      <td>0.392</td>\n",
              "      <td>-0.052</td>\n",
              "      <td>0.416</td>\n",
              "      <td>-0.227</td>\n",
              "      <td>0.341</td>\n",
              "      <td>-0.365</td>\n",
              "      <td>0.609</td>\n",
              "      <td>0.561</td>\n",
              "      <td>0.265</td>\n",
              "      <td>-0.386</td>\n",
              "      <td>0.462</td>\n",
              "      <td>-0.397</td>\n",
              "    </tr>\n",
              "    <tr>\n",
              "      <th>ZN</th>\n",
              "      <td>-0.188</td>\n",
              "      <td>1.000</td>\n",
              "      <td>-0.521</td>\n",
              "      <td>-0.033</td>\n",
              "      <td>-0.516</td>\n",
              "      <td>0.343</td>\n",
              "      <td>-0.568</td>\n",
              "      <td>0.645</td>\n",
              "      <td>-0.299</td>\n",
              "      <td>-0.306</td>\n",
              "      <td>-0.422</td>\n",
              "      <td>0.170</td>\n",
              "      <td>-0.415</td>\n",
              "      <td>0.407</td>\n",
              "    </tr>\n",
              "    <tr>\n",
              "      <th>INDUS</th>\n",
              "      <td>0.392</td>\n",
              "      <td>-0.521</td>\n",
              "      <td>1.000</td>\n",
              "      <td>0.050</td>\n",
              "      <td>0.763</td>\n",
              "      <td>-0.403</td>\n",
              "      <td>0.642</td>\n",
              "      <td>-0.697</td>\n",
              "      <td>0.592</td>\n",
              "      <td>0.734</td>\n",
              "      <td>0.396</td>\n",
              "      <td>-0.345</td>\n",
              "      <td>0.598</td>\n",
              "      <td>-0.511</td>\n",
              "    </tr>\n",
              "    <tr>\n",
              "      <th>CHAS</th>\n",
              "      <td>-0.052</td>\n",
              "      <td>-0.033</td>\n",
              "      <td>0.050</td>\n",
              "      <td>1.000</td>\n",
              "      <td>0.077</td>\n",
              "      <td>0.095</td>\n",
              "      <td>0.073</td>\n",
              "      <td>-0.095</td>\n",
              "      <td>0.014</td>\n",
              "      <td>-0.027</td>\n",
              "      <td>-0.105</td>\n",
              "      <td>0.069</td>\n",
              "      <td>-0.037</td>\n",
              "      <td>0.174</td>\n",
              "    </tr>\n",
              "    <tr>\n",
              "      <th>NOX</th>\n",
              "      <td>0.416</td>\n",
              "      <td>-0.516</td>\n",
              "      <td>0.763</td>\n",
              "      <td>0.077</td>\n",
              "      <td>1.000</td>\n",
              "      <td>-0.317</td>\n",
              "      <td>0.733</td>\n",
              "      <td>-0.768</td>\n",
              "      <td>0.628</td>\n",
              "      <td>0.680</td>\n",
              "      <td>0.210</td>\n",
              "      <td>-0.384</td>\n",
              "      <td>0.594</td>\n",
              "      <td>-0.459</td>\n",
              "    </tr>\n",
              "    <tr>\n",
              "      <th>RM</th>\n",
              "      <td>-0.227</td>\n",
              "      <td>0.343</td>\n",
              "      <td>-0.403</td>\n",
              "      <td>0.095</td>\n",
              "      <td>-0.317</td>\n",
              "      <td>1.000</td>\n",
              "      <td>-0.249</td>\n",
              "      <td>0.219</td>\n",
              "      <td>-0.236</td>\n",
              "      <td>-0.321</td>\n",
              "      <td>-0.391</td>\n",
              "      <td>0.123</td>\n",
              "      <td>-0.636</td>\n",
              "      <td>0.724</td>\n",
              "    </tr>\n",
              "    <tr>\n",
              "      <th>AGE</th>\n",
              "      <td>0.341</td>\n",
              "      <td>-0.568</td>\n",
              "      <td>0.642</td>\n",
              "      <td>0.073</td>\n",
              "      <td>0.733</td>\n",
              "      <td>-0.249</td>\n",
              "      <td>1.000</td>\n",
              "      <td>-0.754</td>\n",
              "      <td>0.444</td>\n",
              "      <td>0.504</td>\n",
              "      <td>0.265</td>\n",
              "      <td>-0.282</td>\n",
              "      <td>0.601</td>\n",
              "      <td>-0.407</td>\n",
              "    </tr>\n",
              "    <tr>\n",
              "      <th>DIS</th>\n",
              "      <td>-0.365</td>\n",
              "      <td>0.645</td>\n",
              "      <td>-0.697</td>\n",
              "      <td>-0.095</td>\n",
              "      <td>-0.768</td>\n",
              "      <td>0.219</td>\n",
              "      <td>-0.754</td>\n",
              "      <td>1.000</td>\n",
              "      <td>-0.477</td>\n",
              "      <td>-0.530</td>\n",
              "      <td>-0.229</td>\n",
              "      <td>0.285</td>\n",
              "      <td>-0.505</td>\n",
              "      <td>0.280</td>\n",
              "    </tr>\n",
              "    <tr>\n",
              "      <th>RAD</th>\n",
              "      <td>0.609</td>\n",
              "      <td>-0.299</td>\n",
              "      <td>0.592</td>\n",
              "      <td>0.014</td>\n",
              "      <td>0.628</td>\n",
              "      <td>-0.236</td>\n",
              "      <td>0.444</td>\n",
              "      <td>-0.477</td>\n",
              "      <td>1.000</td>\n",
              "      <td>0.900</td>\n",
              "      <td>0.442</td>\n",
              "      <td>-0.444</td>\n",
              "      <td>0.511</td>\n",
              "      <td>-0.417</td>\n",
              "    </tr>\n",
              "    <tr>\n",
              "      <th>TAX</th>\n",
              "      <td>0.561</td>\n",
              "      <td>-0.306</td>\n",
              "      <td>0.734</td>\n",
              "      <td>-0.027</td>\n",
              "      <td>0.680</td>\n",
              "      <td>-0.321</td>\n",
              "      <td>0.504</td>\n",
              "      <td>-0.530</td>\n",
              "      <td>0.900</td>\n",
              "      <td>1.000</td>\n",
              "      <td>0.447</td>\n",
              "      <td>-0.435</td>\n",
              "      <td>0.572</td>\n",
              "      <td>-0.509</td>\n",
              "    </tr>\n",
              "    <tr>\n",
              "      <th>PTRATIO</th>\n",
              "      <td>0.265</td>\n",
              "      <td>-0.422</td>\n",
              "      <td>0.396</td>\n",
              "      <td>-0.105</td>\n",
              "      <td>0.210</td>\n",
              "      <td>-0.391</td>\n",
              "      <td>0.265</td>\n",
              "      <td>-0.229</td>\n",
              "      <td>0.442</td>\n",
              "      <td>0.447</td>\n",
              "      <td>1.000</td>\n",
              "      <td>-0.180</td>\n",
              "      <td>0.395</td>\n",
              "      <td>-0.544</td>\n",
              "    </tr>\n",
              "    <tr>\n",
              "      <th>B</th>\n",
              "      <td>-0.386</td>\n",
              "      <td>0.170</td>\n",
              "      <td>-0.345</td>\n",
              "      <td>0.069</td>\n",
              "      <td>-0.384</td>\n",
              "      <td>0.123</td>\n",
              "      <td>-0.282</td>\n",
              "      <td>0.285</td>\n",
              "      <td>-0.444</td>\n",
              "      <td>-0.435</td>\n",
              "      <td>-0.180</td>\n",
              "      <td>1.000</td>\n",
              "      <td>-0.384</td>\n",
              "      <td>0.347</td>\n",
              "    </tr>\n",
              "    <tr>\n",
              "      <th>LSTAT</th>\n",
              "      <td>0.462</td>\n",
              "      <td>-0.415</td>\n",
              "      <td>0.598</td>\n",
              "      <td>-0.037</td>\n",
              "      <td>0.594</td>\n",
              "      <td>-0.636</td>\n",
              "      <td>0.601</td>\n",
              "      <td>-0.505</td>\n",
              "      <td>0.511</td>\n",
              "      <td>0.572</td>\n",
              "      <td>0.395</td>\n",
              "      <td>-0.384</td>\n",
              "      <td>1.000</td>\n",
              "      <td>-0.743</td>\n",
              "    </tr>\n",
              "    <tr>\n",
              "      <th>MEDV</th>\n",
              "      <td>-0.397</td>\n",
              "      <td>0.407</td>\n",
              "      <td>-0.511</td>\n",
              "      <td>0.174</td>\n",
              "      <td>-0.459</td>\n",
              "      <td>0.724</td>\n",
              "      <td>-0.407</td>\n",
              "      <td>0.280</td>\n",
              "      <td>-0.417</td>\n",
              "      <td>-0.509</td>\n",
              "      <td>-0.544</td>\n",
              "      <td>0.347</td>\n",
              "      <td>-0.743</td>\n",
              "      <td>1.000</td>\n",
              "    </tr>\n",
              "  </tbody>\n",
              "</table>\n",
              "</div>"
            ],
            "text/plain": [
              "          CRIM     ZN  INDUS   CHAS    NOX     RM    AGE    DIS    RAD    TAX  \\\n",
              "CRIM     1.000 -0.188  0.392 -0.052  0.416 -0.227  0.341 -0.365  0.609  0.561   \n",
              "ZN      -0.188  1.000 -0.521 -0.033 -0.516  0.343 -0.568  0.645 -0.299 -0.306   \n",
              "INDUS    0.392 -0.521  1.000  0.050  0.763 -0.403  0.642 -0.697  0.592  0.734   \n",
              "CHAS    -0.052 -0.033  0.050  1.000  0.077  0.095  0.073 -0.095  0.014 -0.027   \n",
              "NOX      0.416 -0.516  0.763  0.077  1.000 -0.317  0.733 -0.768  0.628  0.680   \n",
              "RM      -0.227  0.343 -0.403  0.095 -0.317  1.000 -0.249  0.219 -0.236 -0.321   \n",
              "AGE      0.341 -0.568  0.642  0.073  0.733 -0.249  1.000 -0.754  0.444  0.504   \n",
              "DIS     -0.365  0.645 -0.697 -0.095 -0.768  0.219 -0.754  1.000 -0.477 -0.530   \n",
              "RAD      0.609 -0.299  0.592  0.014  0.628 -0.236  0.444 -0.477  1.000  0.900   \n",
              "TAX      0.561 -0.306  0.734 -0.027  0.680 -0.321  0.504 -0.530  0.900  1.000   \n",
              "PTRATIO  0.265 -0.422  0.396 -0.105  0.210 -0.391  0.265 -0.229  0.442  0.447   \n",
              "B       -0.386  0.170 -0.345  0.069 -0.384  0.123 -0.282  0.285 -0.444 -0.435   \n",
              "LSTAT    0.462 -0.415  0.598 -0.037  0.594 -0.636  0.601 -0.505  0.511  0.572   \n",
              "MEDV    -0.397  0.407 -0.511  0.174 -0.459  0.724 -0.407  0.280 -0.417 -0.509   \n",
              "\n",
              "         PTRATIO      B  LSTAT   MEDV  \n",
              "CRIM       0.265 -0.386  0.462 -0.397  \n",
              "ZN        -0.422  0.170 -0.415  0.407  \n",
              "INDUS      0.396 -0.345  0.598 -0.511  \n",
              "CHAS      -0.105  0.069 -0.037  0.174  \n",
              "NOX        0.210 -0.384  0.594 -0.459  \n",
              "RM        -0.391  0.123 -0.636  0.724  \n",
              "AGE        0.265 -0.282  0.601 -0.407  \n",
              "DIS       -0.229  0.285 -0.505  0.280  \n",
              "RAD        0.442 -0.444  0.511 -0.417  \n",
              "TAX        0.447 -0.435  0.572 -0.509  \n",
              "PTRATIO    1.000 -0.180  0.395 -0.544  \n",
              "B         -0.180  1.000 -0.384  0.347  \n",
              "LSTAT      0.395 -0.384  1.000 -0.743  \n",
              "MEDV      -0.544  0.347 -0.743  1.000  "
            ]
          },
          "metadata": {},
          "output_type": "display_data"
        }
      ],
      "source": [
        "corr = df.corr(numeric_only=True, method=\"pearson\")\n",
        "display(round(corr, 3))"
      ]
    },
    {
      "cell_type": "code",
      "execution_count": 37,
      "id": "d820f6fd",
      "metadata": {},
      "outputs": [
        {
          "data": {
